0.01
0.010233717986325197
0.010472898382363585
0.010717668854455029
0.010968160052731379
0.011224505680853064
0.011486842567375536
0.011755310738783694
0.012030053494233242
0.012311217482038901
0.012598952777950272
0.01289341296525715
0.01319475521676706
0.013503140378698729
0.013818733056536322
0.014141701702890239
0.014472218707411343
0.014810460488806755
0.015156607589006029
0.015510844769528406
0.015873361110102097
0.016244350109588669
0.016624009789266127
0.017012542798525893
0.017410156523040163
0.017817063195457308
0.018233480008684414
0.018659629231817462
0.019095738328780976
0.019542040079740534
0.019998772705352861
0.020466179993919899
0.020944511431514698
0.021434022335148566
0.021934973989050591
0.02244763378413224
0.022972275360711523
0.023509178754572868
0.024058630546440658
0.024620924014946255
0.025196359293170149
0.025785243528842736
0.026387891048289334
0.027004623524206822
0.027635770147361603
0.028281667802300323
0.028942661247167517
0.029619103297725536
0.030311355015675792
0.031019785901380968
0.031744774091091936
0.032486706558783746
0.033245979322709417
0.034022997656780678
0.034818176306889666
0.035631939712285843
0.036464722232127489
0.037316968377327536
0.038189133047818541
0.039081681775362663
0.039995090972036657
0.040929848184524401
0.041886452354352711
0.042865414084209276
0.043867255910484987
0.044892512582186052
0.045941731346364763
0.047015472240221318
0.048114308390032598
0.049238826317067393
0.050389626250651506
0.051567322448549661
0.052772543524835375
0.054005932785423739
0.055268148571446032
0.05655986461065008
0.05788177037701274
0.059234571458758059
0.06061898993497572
0.06203576476104275
0.063485652163052173
0.064969426041461248
0.066487878384172625
0.068041819689271005
0.069632079397638824
0.071259506335684106
0.072924969168414441
0.074629356863101376
0.076373579163780236
0.078158567076840907
0.079985273367967125
0.08185467307069029
0.083767764006829198
0.08572556731909324
0.087729128016133612
0.089779515530333226
0.09187782428863335
0.094025174296701319
0.096222711736751398
0.098471609579337746
0.10077306820944612
0.10312831606721848
0.10553861030365236
0.10800523745162528
0.11052951411260215
0.11311278765939213
0.11575643695533042
0.11846187309026836
0.12123054013376522
0.12406391590588318
0.12696351276599735
0.12993087842004158
0.13296759674662126
0.13607528864243337
0.13925561288744634
0.14251026703029984
0.14584098829439862
0.14924955450518299
0.1527377850390714
0.15630754179458167
0.15996073018614879
0.16369930016117026
0.16752524724082155
0.1714406135851971
0.17544748908334595
0.17954801246878313
0.18374437246107267
0.18803880893409156
0.19243361411159801
0.19693113379074229
0.20153376859417332
0.20624397525140917
0.21106426791015548
0.21599721947827183
0.22104546299710215
0.22621169304690253
0.23149866718511608
0.23690920741826332
0.24244620170823283
0.2481126055137769
0.25391144336803473
0.25984581049292482
0.26591887445126938
0.27213387683753071
0.27849413500806441
0.2850030438518108
0.29166407760237051
0.29848079169243275
0.30545682465154333
0.31259590004822813
0.31990182847750637
0.32737850959485754
0.33502993419772298
0.34286018635565851
0.35087344559027112
0.3590739891061055
0.36746619407366898
0.37605453996581717
0.38484361094874309
0.39383809832884892
0.40304280305680523
0.41246263829013524
0.42210263201569009
0.43196792973341736
0.44206379720285321
0.45239562325380533
0.46296892266272655
0.47378933909631438
0.48486264812390806
0.49619476030029031
0.50779172432054009
0.51965973024861967
0.53180511282141996
0.54423435483002669
0.55695409058001333
0.56997110943260754
0.58329235942862034
0.59692495099707332
0.61087616075050366
0.62515343536897117
0.63976439557484266
0.6547168402004736
0.6700187503509587
0.68567829366417377
0.70170382867038261
0.71810390925373491
0.73488728921803836
0.75206292695924071
0.76963999024711582
0.78762786111870586
0.80603614088613451
0.82487465526145853
0.84415345960129851
0.86388284427404494
0.88407334015250627
0.90473572423492976
0.92588102539739547
0.94752053028065431
0.96966578931455205
0.99232862288325507
1.0155211276345681
1.0392556829367126
1.0635449574860112
1.0884019160690059
1.1138398264826195
1.1398722666160519
1.1665131316981963
1.1937766417144364
1.2216773489967918
1.2502301459914553
1.2794502732078734
1.3093533273536102
1.3399552696593389
1.3712724343984004
1.4033215376054851
1.4361196859990784
1.4696843861124462
1.5040335536380247
1.5391855229902058
1.5751590570916225
1.6119733573881574
1.6496480740980202
1.6882033167003632
1.7276596646690361
1.7680381784572072
1.809360410738716
1.8516484179121546
1.8949247718738216
1.93921257206583
1.9845354578058032
2.0309176209047357
2.0783838185797574
2.1269593866686907
2.1766702531534592
2.2275429519995575
2.2796046373189798
2.332883097864157
2.3874067718606469
2.4432047621864879
2.5003068519063238
2.558743520168588
2.6185459584742325
2.6797460873256909
2.7423765732649494
2.8064708463098382
2.8720631177978291
2.9391883986468863
3.0078825180430995
3.0781821425650793
3.1501247957553287
3.2237488781490296
3.2990936877709398
3.3761994411113392
3.455107294592219
3.5358593665351785
3.6184987596427476
3.7030695840051413
3.789616980644718
3.8781871456107235
3.9688273546371637
4.0615859883769794
4.1565125582259901
4.2536577327503871
4.3530733647318902
4.4548125188449887
4.5589294999810619
4.6654798822344725
4.7745205385661285
4.8861096711603258
5.0003068424910921
5.1171730071146051
5.2367705442046528
5.3591632908485147
5.484416576121018
5.6125972559549719
5.7437737488265839
5.878016072274912
6.015395880274836
6.1559865014835093
6.2998629783806921
6.4471021073238708
6.5977824795395383
6.7519845230725029
6.9097905457156434
7.0712847789429985
7.2365534228696555
7.4056846922624366
7.5787688636259283
7.7558983233890038
7.9371676172175487
8.1226735004797153
8.3125149898906319
8.5067934163641574
8.7056124790998659
8.9090783009341372
9.1172994849849225
9.330387172620366
9.5484551027822935
9.7716196726961773
10


