0.18198728019945878
0.18172447141953108
0.18140336558275827
0.18115923822280175
0.18107912137887069
0.1811667227943255
0.18136036569292627
0.18155881802067225
0.18176064314278711
0.1820294035742103
0.18246813626865119
0.18293177972815824
0.18247087627885294
0.1812737626632496
0.18087829662923247
0.18144865522531511
0.18195006646108813
0.18226299275244148
0.18249730533912539
0.18272977364996279
0.1830131950992599
0.1833807445594467
0.18377097300592365
0.18394787094595538
0.18399867105279294
0.18393026238780466
0.18358850166570886
0.18302032439348528
0.18242398958306955
0.18208209555434862
0.18199896565404475
0.18192369338660103
0.18157773162971691
0.18087651284823525
0.18006553921005802
0.17941693813406467
0.17897900398009503
0.1789075361214317
0.17882216740661155
0.17855051308482717
0.1787341671682578
0.17937577493222484
0.17989038233030846
0.18020379160364011
0.18047842475359913
0.18069642044489326
0.18078886111984468
0.18096426843561822
0.1811464018873099
0.18113551672030204
0.18127230813341086
0.18176994744569147
0.18205413716007754
0.18190746962253571
0.18334690370235626
0.18917703357707311
0.19712860163052412
0.19948914934095399
0.19403309085807061
0.18705433719110207
0.18176066577337149
0.18126260472969574
0.18963970138757022
0.20041820748879521
0.2054290595566905
0.19980329963705151
0.18878322162765065
0.18425020072879827
0.18483540978052729
0.18274136221205492
0.18167369504019976
0.182110586928969
0.18325468433425393
0.18462599077279424
0.18479732138991428
0.18400767607915502
0.18325904252003938
0.18312675533957018
0.18382733112459027
0.18488517435394838
0.18567733463833722
0.18553549882281031
0.18457831023182636
0.18424067606814776
0.18443338392399078
0.18509972759621657
0.18674442575070238
0.18742796469255651
0.18736150860113268
0.18742198589710105
0.18718977711663012
0.18771345631578196
0.18803547498553336
0.18756913902393924
0.18820989425959483
0.19147107415455977
0.19580496419028898
0.19900553255220743
0.20407071147785683
0.20930280515010333
0.21186556662761766
0.21383411860105403
0.21524012554838265
0.21113503843508097
0.20192237258769702
0.19811698818121218
0.19842009513659797
0.19754910094048336
0.18988089629072299
0.1843484144424726
0.18995505576751104
0.19585431223303004
0.19852693441425739
0.20394188388935819
0.21577804929045324
0.22700753609920707
0.23021228228740273
0.2282747487464209
0.2299112325360689
0.23293602092922774
0.23648786758340878
0.23362627259193802
0.2280800029239782
0.22528291300510234
0.22591975213202525
0.22551453121466813
0.21981749935902697
0.21045991673722753
0.20644480535404333
0.21770781929564881
0.23744913830180717
0.24342932274214513
0.22822092140866693
0.23170418294623038
0.22263137672051056
0.24302013112561535
0.26636439817908658
0.26661560123375155
0.2502865135297217
0.24233868699866676
0.25238751015582966
0.26934265317501277
0.28447872548864206
0.30185483370528732
0.32406204360411239
0.33080128823395299
0.3223360258157153
0.2963153483984669
0.25750546953789061
0.21848805713686739
0.21093117941572007
0.21977583037637835
0.23282117601994362
0.26533933244404151
0.28505169782254702
0.28179419429639191
0.26871109254176995
0.2466773768870931
0.23377675827989633
0.22844705792376821
0.22052976917497188
0.21494411094785076
0.21517627153199628
0.22219047309934073
0.23268222830702892
0.24535127762474868
0.26000756988034879
0.27580268473673458
0.29362231897758279
0.3102389850291225
0.32395531122552035
0.33820210736096157
0.35188187561013029
0.36415088890904052
0.3799386633435245
0.39379914178157593
0.40614638902034683
0.41421163704145775
0.41790246070838488
0.41375930579433406
0.40797828944161652
0.39740495322626757
0.38909433235686486
0.38095349882332985
0.3696863457116088
0.35842224092707908
0.39321090648191159
0.41513981509669179
0.42766553650809375
0.4305192979756261
0.4241718788813833
0.41180692126255897
0.39541300920414379
0.37579645127158035
0.3534088010903686
0.33233693135387909
0.30687622235105211
0.27766692415096539
0.26535902410295698
0.2642663793759637
0.26124381995565155
0.25491782343828984
0.24693683534228439
0.23662932107616907
0.22630950614835738
0.21440571377095957
0.20303437793089429
0.19459559125481482
0.21040741471533325
0.22363590774456255
0.23536066051515961
0.24570550354241441
0.25716253998524585
0.27839510109831195
0.29666397454417126
0.31202375124424192
0.32352506097451161
0.32456552110892511
0.32208683163135843
0.31485828744501793
0.30251923200189279
0.28608560192559623
0.26627995068158944
0.24985051248277051
0.23369743942759444
0.21669681085174222
0.19877926433685678
0.17977792258860578
0.16009491931940528
0.14018152355014057
0.12916896195596342
0.1197565435728024
0.11018460332057399
0.1006384636456903
0.091762336250982249
0.083808060576290311
0.07669084884057209
0.070278545586012833
0.064394388002453895
0.058928881862148688
0.053860637824739661
0.049210264956436482
0.044988884839937043
0.041180978057234925
0.037757809988497412
0.034694770659180099
0.031973852699671554
0.029573090545919528
0.027456720404262475
0.025576386367540133
0.023882543861644644
0.022337257497859954
0.020919893151846489
0.019623345788604737
0.018444758503339275
0.017377100616879259
0.016406060881815062
0.015521488652592921
0.0147041639607263
0.013933858845708226
0.01320775773970027
0.012529098124809873
0.011902813489381086
0.011331045633678337
0.010810333589160292
0.010331285382705918
0.0098804658990284573
0.0094435155999128551
0.0090083128191958198
0.0085672324014643905
0.0081180313141164008
0.0076633880820265888
0.0072094811987212914
0.0067641476370163883
0.0063351321582900254
0.005928785233030618
0.0055570697332602897
0.0052292578706734094
0.0050228235421300275
0.0048396341374105766
0.0047491863853826536
0.0046589144121735133
0.0045673201895229994
0.004473098671698819
0.0043748749675466504
0.0042711151206277758
0.0041601907080275839
0.0040405489351403459
0.0039109290591285029
0.0037705696042316817
0.0036193639560314341
0.0035044714014265572
0.0034214884500149245
0.0033341096293421422
0.0032415634122616725
0.0031434589353154072
0.0030397803917424082
0.0029308566656856012
0.0028173124742969955
0.002734934649323817


